145025
146920
142666
146925
151606
141750
144877
144890
142137
142625
145510
150573
142608
143253
202985
142572
144980
149745
195084
203633
141275
142851
144455
142354
146256
147075
150399
187971
199662
28641
142619
144408
145267
149293
189663
203014
49758
141792
144797
148545
208561
209732
12313
132165
142019
143941
144391
196923
209890
18290
51277
142712
143582
144557
146180
206838
19117
38728
142120
142328
144080
147804
151112
209467
218631
249747
58016
112887
129949
142357
142775
144741
148517
150371
189661
204765
205334
209373
230555
13615
19430
68017
112651
141846
143393
145749
148677
187033
198529
209570
214265
22668
63002
105582
127521
143569
144695
145340
148172
148615
151591
165355
189606
210877
212166
232859
13530
22021
22987
72193
108996
111606
122525
138620
142262
143125
144910
144940
148190
151455
153365
189903
190557
210807
213149
213911
6806
22496
111488
118227
142026
142489
143990
144427
148278
151534
163381
167518
187068
189809
199091
206605
207544
208015
224251
11696
15611
33559
35714
39475
59661
72210
111482
123682
140496
142459
143680
144446
145666
149932
164441
166174
186444
199474
203816
207018
11449
15330
15439
38428
43000
75017
107896
118272
119736
134213
141834
141932
142840
143347
145346
145490
147702
148572
151394
153968
160145
163887
186294
189764
195399
200459
207306
211697
12406
14642
15332
21459
25063
36414
38503
48634
59902
67659
88137
112951
124360
125307
136804
140043
142241
143207
145057
145891
146254
148147
148778
149176
157622
163345
166575
169113
172701
172910
186263
196816
204342
211691
215388
250981
7717
11610
16932
33065
33555
33570
37540
47114
49000
71453
88860
105529
111660
120317
123799
126809
132195
137414
142547
142965
144361
144542
145134
145579
146155
148486
149942
152139
152580
169785
174291
181788
184398
186553
188962
189313
194948
196748
204388
209528
210840
211926
212038
216065
240036
250941
11678
16441
20863
29907
35875
37208
44324
46105
47971
49484
55688
64182
90055
111115
113471
120251
123497
130462
132799
134122
134237
140324
141809
142379
143163
144973
145082
145724
147728
148612
152195
167241
168927
169837
182931
184602
186396
187281
188283
189318
195692
196301
198436
199527
200904
204093
206925
207565
208326
210419
211742
215319
215893
219319
248232
8742
12870
25713
28898
31041
33161
36630
45631
46334
46975
50645
54483
66126
74736
81960
88779
98969
107054
107758
111350
111553
116621
124944
127883
131964
133987
135122
136678
141046
141594
142423
143136
143942
144396
145801
146403
147436
147923
148568
153740
155092
166344
171293
175701
188786
189761
196701
198422
199877
200401
202198
204370
204743
206632
207272
208238
209329
210786
211444
211739
216588
217305
222267
244937
246975
250821
9522
10385
11479
12970
16946
18888
22708
26062
26354
32217
36515
37800
39134
40985
42562
46637
49051
51696
52352
63812
75372
90122
93188
103479
106616
110357
111044
120101
126557
130973
133119
133676
135426
136394
140260
142364
143636
144258
145097
146223
147522
148291
148657
154408
162410
164909
171322
172897
175705
184716
186348
186701
187087
190797
195779
196529
196733
196965
200247
203471
204453
206693
210143
210413
210845
214254
216820
222447
222843
232532
233955
246808
247282
8793
9305
12494
14481
20747
21595
22754
27033
38956
40617
41635
45228
46089
48721
49462
51677
52487
54956
59240
60053
63599
65039
73688
75618
86690
92583
103574
110933
111047
112333
112895
124058
127811
129483
133399
135516
135808
137037
137315
141637
142173
143370
143648
144199
144500
146072
146346
147636
148338
148582
154409
154466
157689
159123
162528
162996
168326
169439
175489
176071
182628
184407
186313
186547
186619
188387
193797
196320
196557
196988
199090
200331
204203
204408
205479
207915
209532
210605
211675
213220
216161
216778
218684
219993
223117
246142
247909
6542
9727
12250
12889
19173
20268
23100
25366
25910
28967
33395
36448
36598
37225
37626
37756
38446
39452
41324
41831
44442
46518
46964
47797
49520
52339
52781
56602
58666
59323
63511
65606
75880
81600
86805
98343
104146
110479
111583
115882
119804
124981
129051
130345
133661
134076
135394
135839
137022
138370
140388
141610
142339
142524
142740
143328
144229
145158
145938
146672
147653
148313
149463
149867
154229
154521
157751
158415
161593
162802
164833
165795
166219
166980
168238
173031
176096
181827
186272
186534
186585
188291
189190
190649
195463
196947
198465
198788
199013
200429
202598
204100
204208
207215
208391
210928
211187
212326
216528
219211
219791
222456
223321
245890
259898
180
7426
11176
12927
14739
16890
20187
21277
24197
27632
28996
33391
34206
36047
38064
38198
39237
40208
40480
40629
41589
45700
46943
47766
47788
48333
50610
51495
53805
55880
55994
56923
59095
61056
61759
68982
83240
87349
90038
101219
109781
111321
112296
113313
115460
120039
127554
128431
129626
133708
134501
135147
135401
135450
136489
138051
141401
141630
142275
142950
144596
145836
146300
147408
147686
148435
148639
148920
149644
153392
155117
156250
157834
158681
161583
163077
163496
165950
166658
170562
176177
181377
181717
185275
186219
187345
187602
188926
189910
190625
195017
196793
197590
199713
200421
200434
200981
202081
202798
204106
204278
206437
206828
208006
210114
210733
211099
216282
218915
221414
223653
228726
230606
242273
244634
246718
247549
256719
634
10203
11940
13076
16429
16717
18047
20171
21226
21770
24246
24731
27490
32270
33624
36007
36756
37655
38208
39719
40742
41381
44031
46357
47367
47705
51478
51528
52128
55139
59355
60884
61780
68189
73898
81548
87633
92880
97102
107067
109054
110159
112155
113106
115176
120261
121557
121673
122597
124437
127839
130679
133341
133694
133962
134507
135378
136223
137276
138177
140284
141567
141776
142519
142784
143003
144084
144204
144470
146003
146371
147952
148155
148438
149456
149879
151255
152005
152415
154094
156056
156258
157049
158643
161780
162877
165225
165386
165792
166256
169440
170969
176112
176151
179963
181055
184014
184397
186235
186427
186591
187542
188344
189455
189838
190633
192361
196096
196259
197498
198585
200162
200502
200772
202472
202574
203763
205237
205445
206211
207354
207741
208039
209490
210649
211086
211647
211655
215557
215670
216470
221627
222131
232166
236466
243082
245633
252530
255709
257181
259849
995
7706
9338
10543
11944
12411
13030
17610
18403
21127
22269
24296
25488
32052
32785
35709
36923
38033
38279
40147
41211
42169
43851
45789
46363
47619
47795
48766
49411
51158
52433
52744
55311
58915
60384
61027
61107
68268
70254
71069
72481
79284
85669
86776
99078
105319
108643
112116
114521
119716
122421
122754
124725
125850
129696
129909
130849
133748
134265
134380
134822
134980
135734
137093
137621
138118
139817
140200
141205
142198
142982
143010
143660
144471
144568
145261
145509
145985
146111