145025
146920
142666
146925
151606
141750
144877
144890
142137
142625
145510
150573
142608
143253
202985
142572
144980
149745
195084
203633
141275
142851
144455
142354
146256
147075
150399
187971
199662
28641
142619
144408
145267
149293
189663
203014
49758
141792
144797
148545
208561
209732
12313
132165
142019
143941
144391
196923
209890
18290
51277
142712
143582
144557
146180
206838
19117
38728
142120
142328
144080
147804
151112
209467
218631
249747
58016
112887
129949
142357
142775
144741
148517
150371
189661
204765
205334
209373
230555
13615
19430
68017
112651
141846
143393
145749
148677
187033
198529
209570
214265
22668
63002
105582
127521
143569
144695
145340
148172
148615
151591
165355
189606
210877
212166
232859
13530
22021
22987
72193
108996
111606
122525
138620
142262
143125
144910
144940
148190
151455
153365
189903
190557
210807
213149
213911
6806
22496
111488
118227
142026
142489
143990
144427
148278
151534
163381
167518
187068
189809
199091
206605
207544
208015
224251
11696
15611
33559
35714
39475
59661
72210
111482
123682
140496
142459
143680
144446
145666
149932
164441
166174
186444
199474
203816
207018
11449
15330
15439
38428
43000
75017
107896
118272
119736
134213
141834
141932
142840
143347
145346
145490
147702
148572
151394
153968
160145
163887
186294
189764
195399
200459
207306
211697
12406
14642
15332
21459
25063
36414
38503
48634
59902
67659
88137
112951
124360
125307
136804
140043
142241
143207
145057
145891
146254
148147
148778
149176
157622
163345
166575
169113
172701
172910
186263
196816
204342
211691
215388
250981
7717
11610
16932
33065
33555
33570
37540
47114
49000
71453
88860
105529
111660
120317
123799
126809
132195
137414
142547
142965
144361
144542
145134
145579
146155
148486
149942
152139
152580
169785
174291
181788
184398
186553
188962
189313
194948
196748
204388
209528
210840
211926
212038
216065
240036
250941
11678
16441
20863
29907
35875
37208
44324
46105
47971
49484
55688
64182
90055
111115
113471
120251
123497
130462
132799
134122
134237
140324
141809
142379
143163
144973
145082
145724
147728
148612
152195
167241
168927
169837
182931
184602
186396
187281
188283
189318
195692
196301
198436
199527
200904
204093
206925
207565
208326
210419
211742
215319
215893
219319
248232
8742
12870
25713
28898
31041
33161
36630
45631
46334
46975
50645
54483
66126
74736
81960
88779
98969
107054
107758
111350
111553
116621
124944
127883
131964
133987
135122
136678
141046
141594
142423
143136
143942
144396
145801
146403
147436
147923
148568
153740
155092
166344
171293
175701
188786
189761
196701
198422
199877
200401
202198
204370
204743
206632
207272
208238
209329
210786
211444
211739
216588
217305
222267
244937
246975
250821
9522
10385
11479
12970
16946
18888
22708
26062
26354
32217
36515
37800
39134
40985
42562
46637
49051
51696
52352
63812
75372
90122
93188
103479
106616
110357
111044
120101
126557
130973
133119
133676
135426
136394
140260
142364
143636
144258
145097
146223
147522
148291
148657
154408
162410
164909
171322
172897
175705
184716
186348
186701
187087
190797
195779
196529
196733
196965
200247
203471
204453
206693
210143
210413
210845
214254
216820
222447
222843
232532
233955
246808
247282
8793
9305
12494
14481
20747
21595
22754
27033
38956
40617
41635
45228
46089
48721
49462
51677
52487
54956
59240
60053
63599
65039
73688
75618
86690
92583
103574
110933
111047
112333